   0.0000000e+00   6.5453866e-03
   2.5000000e+01   9.1058042e-03
   5.0000000e+01   1.2666081e-02
   7.5000000e+01   2.0229815e-02
   1.0000000e+02   3.3622763e-02
   1.2500000e+02   6.0034248e-02
   1.5000000e+02   1.1115614e-01
   1.7500000e+02   1.9236008e-01
   2.0000000e+02   2.4388542e-01
   2.2500000e+02   1.9228509e-01
   2.5000000e+02   1.1110187e-01
   2.7500000e+02   5.9550547e-02
   3.0000000e+02   3.3296175e-02
   3.2500000e+02   2.0238415e-02
   3.5000000e+02   1.3438952e-02
   3.7500000e+02   8.6509900e-03
   4.0000000e+02   6.3651376e-03
   4.2500000e+02   4.3910513e-03
   4.5000000e+02   3.8475854e-03
   4.7500000e+02   2.6147822e-03
   5.0000000e+02   2.3434853e-03
